ID	NAME	COMPANY		LEVEL	YEAR	SALARY
3140602001	Sophia	666	1	1	50000
3140602002	Liam	666	1	1	50000
3140602003	Noah	666	1	1	50000
3140602004	Emma	666	1	1	50000
3140602005	Oliver	666	1	1	50000
3140602006	Ava	666	1	1	50000
3140602007	Elijah	666	1	1	50000
3140602008	Isabella	666	1	1	50000
3140602009	Lucas	666	1	1	50000
3140602010	Mia	666	1	1	50000
3140602011	Levi	666	1	1	50000
3140602012	Layla	666	1	1	50000
3140602013	Ezra	666	1	1	50000
3140602014	Violet	666	1	1	50000
3140602015	Henry	666	1	1	50000
3140602016	Hazel	666	1	1	50000
3140602017	Owen	666	1	1	50000
3140602018	Aurora	666	1	1	5000073
3140602019	Miles	666	1	1	50000
3140602020	Ella	666	1	1	50000
3140602021	Ethan	666	1	1	50000
3140602022	Nora	666	1	1	50000
3140602023	James	666	1	1	50000
3140602024	Lily	666	1	1	50000
3140602025	Jack	666	1	1	50000
3140602026	Charlotte	666	1	1	50000
3140602027	Wyatt	666	1	1	50000
3140602028	Harper	666	1	1	50000
3140602029	Leo	666	1	1	50000
3140602030	Aria	666	1	1	50000
3140602031	Carter	666	1	1	50000
3140602032	Scarlett	666	1	1	50000
3140602033	Ellie	666	1	1	50000
3140602034	Grayson	666	1	1	50000
3140602035	Chloe	666	1	1	50000
3140602036	Gabriel	666	1	1	50000
3140602037	Avery	666	1	1	50000
3140602038	Mateo	666	1	1	50000
3140602039	Luna	666	1	1	50000
3140602040	Daniel	666	1	1	50000
3140602041	Mila	666	1	1	50000
3140602042	Aiden	666	1	1	50000
3140602043	Riley	666	1	1	50000
3140602044	Zoey	666	1	1	50000
3140602045	Caleb	666	1	1	50000
3140602046	Penelope	666	1	1	50000
3140602047	Levi	666	1	1	50000
3140602049	Stella	666	1	1	50000
3140602050	Sebastian	111	2	1	67543
3140602051	Hannah	111	2	1	67543
3140602052	Julian	111	2	1	67543
3140602053	Eleanor	111	2	1	67543
3140602054	David	111	2	1	67543
3140602055	Violet	111	2	1	67543
3140608001	Jackson	111	2	1	67543
3140608002	Leah	111	2	1	67543
3140608003	Logan	111	2	1	67543
3140608004	Evelyn	111	2	1	67543
3140608005	Alexander	111	2	1	67543
3140608006	Elizabeth	111	2	1	67543
3140608007	Luke	111	2	1	67543
3140608008	Lillian	111	2	1	67543
3140608009	Anthony	111	2	1	67543
3140608010	Addison	111	2	1	67543
3140608011	Isaac	111	2	1	67543
3140608012	Maya	111	2	1	67543
3140608013	Joshua	111	2	1	67543
3140608014	Christopher	111	2	1	67543
3140608015	Andrew	111	2	1	67543
3140608016	Caleb	111	2	1	67543
3140608017	Nathan	111	2	1	67543
3140608018	Ryan	111	2	1	67543
3140608019	Brooklyn	111	2	1	67543
3140608020	Zoe	111	2	1	67543
3140608021	Samuel	111	2	1	67543
3140608022	Anna	111	2	1	67543
3140608023	Victoria	111	2	1	67543
3140608024	David	111	2	1	67543
3140608026	Christopher	111	2	1	67543
3140608027	Joseph	111	2	1	67543
3140608028	Camila	111	2	1	67543
3140608029	John	111	2	1	67543
